*****路线数目：1
*****路线1步骤数目：7
*****路线1路线长度：20817米
*****路线1步骤1关键坐标数目：14
[119.302475,26.122223]
[119.302834,26.122187]
[119.304169,26.122061]
[119.305168,26.121988]
[119.306114,26.121906]
[119.307167,26.121801]
[119.308388,26.121655]
[119.308701,26.121628]
[119.309021,26.121597]
[119.31115,26.121407]
[119.312172,26.121277]
[119.312553,26.121206]
[119.31311,26.121059]
[119.313545,26.120934]
*****路线1步骤2关键坐标数目：20
[119.313545,26.120934]
[119.314201,26.120729]
[119.314621,26.120573]
[119.315224,26.120317]
[119.315895,26.119978]
[119.316696,26.119509]
[119.317085,26.119246]
[119.317703,26.11878]
[119.318176,26.118412]
[119.319199,26.117609]
[119.321823,26.115568]
[119.322823,26.114843]
[119.323418,26.114428]
[119.32428,26.113867]
[119.325073,26.113386]
[119.326073,26.112791]
[119.327255,26.112144]
[119.327881,26.111832]
[119.329567,26.111012]
[119.330627,26.110498]
*****路线1步骤3关键坐标数目：128
[119.330627,26.110498]
[119.333344,26.109198]
[119.334824,26.108486]
[119.336197,26.107895]
[119.33757,26.107347]
[119.338959,26.106867]
[119.33989,26.106581]
[119.340782,26.106316]
[119.341278,26.10618]
[119.342033,26.105976]
[119.342918,26.105764]
[119.343987,26.105556]
[119.344963,26.105394]
[119.345322,26.105347]
[119.346497,26.105221]
[119.347153,26.105169]
[119.348312,26.105101]
[119.349724,26.105047]
[119.352928,26.104904]
[119.358864,26.104649]
[119.360046,26.104601]
[119.360764,26.104553]
[119.361443,26.104479]
[119.362267,26.10434]
[119.362793,26.104214]
[119.363091,26.104132]
[119.363403,26.104036]
[119.363976,26.103832]
[119.364563,26.10358]
[119.36496,26.10338]
[119.365402,26.103142]
[119.365761,26.102926]
[119.366051,26.102726]
[119.366486,26.102404]
[119.366646,26.10227]
[119.366913,26.102049]
[119.367249,26.101736]
[119.367615,26.101362]
[119.367859,26.101089]
[119.368042,26.100876]
[119.368263,26.100576]
[119.3685,26.100229]
[119.368698,26.099918]
[119.368851,26.099644]
[119.369011,26.099323]
[119.369118,26.099133]
[119.36924,26.098864]
[119.369354,26.098568]
[119.369476,26.098221]
[119.369583,26.097874]
[119.36969,26.097456]
[119.36982,26.096727]
[119.369843,26.096411]
[119.369888,26.095911]
[119.369896,26.09553]
[119.369911,26.093794]
[119.369911,26.093094]
[119.369934,26.092951]
[119.369934,26.092134]
[119.369949,26.087574]
[119.369949,26.086107]
[119.369965,26.083937]
[119.369965,26.082718]
[119.369965,26.081268]
[119.369965,26.080343]
[119.36998,26.079367]
[119.370018,26.07852]
[119.370071,26.077808]
[119.370224,26.076271]
[119.370262,26.076107]
[119.370438,26.074923]
[119.370453,26.074808]
[119.370674,26.073647]
[119.370743,26.073299]
[119.37088,26.072704]
[119.3713,26.070612]
[119.371391,26.070139]
[119.37149,26.069557]
[119.371559,26.068893]
[119.371574,26.068022]
[119.371574,26.067869]
[119.371529,26.067301]
[119.371475,26.066774]
[119.371407,26.066206]
[119.3713,26.065559]
[119.371201,26.065187]
[119.371132,26.064875]
[119.370819,26.063919]
[119.370605,26.063364]
[119.370468,26.063042]
[119.370415,26.062904]
[119.370102,26.062252]
[119.36982,26.061659]
[119.369286,26.06053]
[119.36924,26.060442]
[119.369064,26.060074]
[119.368744,26.05941]
[119.36792,26.057695]
[119.367172,26.056128]
[119.36692,26.055569]
[119.366768,26.055195]
[119.366631,26.05481]
[119.366455,26.054224]
[119.366333,26.053789]
[119.366249,26.053337]
[119.366219,26.05315]
[119.366158,26.052687]
[119.366112,26.052313]
[119.366104,26.052095]
[119.366096,26.051683]
[119.366104,26.051342]
[119.366112,26.051098]
[119.366142,26.050676]
[119.366234,26.050039]
[119.366287,26.049713]
[119.366333,26.049492]
[119.366539,26.048759]
[119.366806,26.047981]
[119.366989,26.047552]
[119.367043,26.047447]
[119.367271,26.046988]
[119.367538,26.046545]
[119.367775,26.046154]
[119.368233,26.045521]
[119.368568,26.045113]
[119.368904,26.044708]
[119.36956,26.043989]
[119.373146,26.040117]
*****路线1步骤4关键坐标数目：8
[119.373146,26.040117]
[119.374977,26.038164]
[119.376785,26.036194]
[119.377029,26.035925]
[119.37748,26.035408]
[119.377968,26.034792]
[119.378593,26.033924]
[119.378799,26.033625]
*****路线1步骤5关键坐标数目：8
[119.378799,26.033625]
[119.379288,26.032829]
[119.379929,26.031792]
[119.380089,26.031481]
[119.380257,26.031223]
[119.380341,26.031094]
[119.380539,26.030807]
[119.380745,26.030563]
*****路线1步骤6关键坐标数目：6
[119.380745,26.030563]
[119.381157,26.029879]
[119.381233,26.029701]
[119.381317,26.029518]
[119.381386,26.02927]
[119.381439,26.029062]
*****路线1步骤7关键坐标数目：61
[119.381439,26.029062]
[119.381462,26.02882]
[119.381462,26.028784]
[119.381462,26.028572]
[119.381462,26.028446]
[119.381439,26.028358]
[119.381424,26.028221]
[119.381401,26.028099]
[119.381363,26.027964]
[119.381264,26.027718]
[119.38118,26.027521]
[119.381157,26.02747]
[119.381058,26.027296]
[119.380913,26.027092]
[119.380661,26.026783]
[119.380524,26.026571]
[119.380455,26.026445]
[119.380173,26.026003]
[119.379929,26.025642]
[119.379181,26.024523]
[119.378067,26.022852]
[119.377068,26.021345]
[119.375969,26.019695]
[119.375641,26.01918]
[119.375214,26.018545]
[119.373627,26.016163]
[119.373039,26.015261]
[119.37233,26.014202]
[119.372147,26.01395]
[119.371956,26.013693]
[119.371559,26.013182]
[119.371216,26.012756]
[119.370728,26.012196]
[119.37027,26.011692]
[119.368332,26.009705]
[119.364235,26.005529]
[119.363869,26.005178]
[119.363632,26.004974]
[119.36338,26.00477]
[119.363129,26.004583]
[119.362823,26.004379]
[119.362396,26.004128]
[119.360802,26.003355]
[119.36042,26.003134]
[119.35994,26.002817]
[119.359756,26.002682]
[119.359489,26.00247]
[119.359299,26.002304]
[119.35717,26.000351]
[119.356857,26.000078]
[119.356476,25.999779]
[119.356277,25.999649]
[119.356056,25.99951]
[119.355766,25.99934]
[119.355469,25.999193]
[119.355156,25.999044]
[119.352486,25.997986]
[119.351555,25.997622]
[119.349968,25.997036]
[119.349342,25.996775]
[119.348541,25.996462]

*****路线数目：1
*****路线1步骤数目：3
*****路线1路线长度：28712米
*****路线1步骤1关键坐标数目：215
[119.348541,25.996462]
[119.347359,25.995995]
[119.346497,25.995686]
[119.345314,25.995338]
[119.344078,25.994978]
[119.341927,25.994379]
[119.341255,25.994171]
[119.337486,25.993069]
[119.336487,25.992783]
[119.335228,25.992439]
[119.335144,25.992405]
[119.334991,25.992348]
[119.328552,25.990486]
[119.327545,25.990204]
[119.327011,25.990078]
[119.32634,25.989931]
[119.325531,25.989782]
[119.324463,25.989649]
[119.321007,25.989254]
[119.318886,25.988989]
[119.318695,25.988979]
[119.317032,25.988798]
[119.316521,25.988754]
[119.315567,25.988602]
[119.306595,25.987566]
[119.305817,25.987488]
[119.305122,25.987413]
[119.304085,25.987305]
[119.303177,25.987217]
[119.302834,25.987196]
[119.302284,25.987175]
[119.301643,25.987158]
[119.301018,25.987162]
[119.300415,25.987183]
[119.299561,25.987244]
[119.299149,25.987288]
[119.298561,25.987356]
[119.298157,25.987417]
[119.297501,25.987526]
[119.296486,25.987743]
[119.296043,25.987846]
[119.29541,25.98802]
[119.294853,25.988199]
[119.294144,25.988434]
[119.29335,25.988737]
[119.29245,25.989132]
[119.291924,25.989384]
[119.291458,25.989626]
[119.290955,25.989901]
[119.290436,25.990213]
[119.289963,25.990503]
[119.288979,25.991184]
[119.288193,25.991796]
[119.28595,25.99365]
[119.284721,25.994658]
[119.284027,25.995195]
[119.283516,25.995569]
[119.283226,25.995764]
[119.28299,25.99593]
[119.281456,25.996944]
[119.27993,25.997952]
[119.278679,25.998768]
[119.27816,25.999111]
[119.277588,25.999466]
[119.276489,26.000065]
[119.275826,26.000391]
[119.275398,26.000589]
[119.273041,26.001719]
[119.27243,26.00201]
[119.271286,26.002552]
[119.269859,26.003233]
[119.268372,26.003937]
[119.267517,26.004362]
[119.266945,26.004692]
[119.266632,26.004887]
[119.266457,26.005009]
[119.265953,26.00539]
[119.265709,26.005594]
[119.265297,26.005968]
[119.261681,26.00967]
[119.259827,26.011572]
[119.254761,26.016779]
[119.25238,26.019236]
[119.251808,26.019817]
[119.250107,26.02158]
[119.24971,26.022018]
[119.248901,26.022968]
[119.248589,26.023346]
[119.24826,26.023746]
[119.247742,26.024366]
[119.246109,26.02632]
[119.244843,26.027838]
[119.243286,26.029696]
[119.242401,26.03076]
[119.24205,26.031212]
[119.241585,26.031811]
[119.241112,26.032461]
[119.240601,26.033213]
[119.240105,26.033955]
[119.239883,26.034306]
[119.239601,26.034792]
[119.239182,26.035534]
[119.238976,26.035908]
[119.238533,26.036797]
[119.238091,26.037748]
[119.237862,26.038273]
[119.237701,26.038694]
[119.237549,26.039045]
[119.237236,26.039909]
[119.237015,26.040556]
[119.236839,26.041124]
[119.236649,26.041754]
[119.236389,26.042738]
[119.236061,26.044275]
[119.236008,26.044518]
[119.235931,26.044949]
[119.235809,26.045603]
[119.235573,26.046862]
[119.235046,26.049644]
[119.23468,26.05151]
[119.234108,26.054626]
[119.233818,26.056284]
[119.233765,26.056828]
[119.233734,26.057352]
[119.233719,26.057774]
[119.233673,26.059652]
[119.233658,26.060993]
[119.233643,26.061281]
[119.233582,26.065517]
[119.233559,26.06599]
[119.233505,26.06645]
[119.233437,26.066811]
[119.233383,26.067053]
[119.233353,26.067226]
[119.233109,26.068169]
[119.233025,26.068645]
[119.23288,26.069435]
[119.232788,26.070148]
[119.232742,26.070663]
[119.232727,26.071112]
[119.232712,26.071653]
[119.232719,26.071976]
[119.232719,26.072439]
[119.232742,26.073008]
[119.232796,26.074579]
[119.232826,26.075747]
[119.232841,26.076015]
[119.232849,26.076441]
[119.23288,26.077105]
[119.23288,26.077522]
[119.232864,26.078091]
[119.232811,26.078741]
[119.232758,26.079088]
[119.232689,26.079401]
[119.232605,26.079744]
[119.232475,26.080217]
[119.232445,26.080313]
[119.232292,26.080717]
[119.232063,26.081238]
[119.23175,26.081823]
[119.231247,26.082773]
[119.229462,26.086046]
[119.22908,26.086832]
[119.228867,26.087296]
[119.228592,26.087942]
[119.228516,26.08816]
[119.228363,26.088602]
[119.228111,26.089483]
[119.228004,26.089878]
[119.227966,26.090134]
[119.227951,26.090385]
[119.227936,26.090759]
[119.227943,26.091103]
[119.227997,26.091515]
[119.228065,26.091902]
[119.228195,26.092331]
[119.228256,26.092487]
[119.228401,26.092848]
[119.228645,26.093287]
[119.228767,26.093489]
[119.228889,26.093676]
[119.229118,26.093954]
[119.229439,26.094305]
[119.229614,26.094475]
[119.229965,26.094784]
[119.230194,26.094944]
[119.230515,26.095161]
[119.230919,26.09539]
[119.231323,26.095568]
[119.232208,26.095951]
[119.232574,26.096098]
[119.234825,26.09704]
[119.235306,26.097258]
[119.235687,26.097456]
[119.235847,26.097548]
[119.236198,26.097773]
[119.236542,26.098034]
[119.236832,26.098269]
[119.237007,26.098429]
[119.237167,26.098598]
[119.237411,26.098854]
[119.237656,26.099136]
[119.23793,26.099522]
[119.238159,26.099878]
[119.238365,26.100269]
[119.238487,26.100538]
[119.238716,26.101103]
[119.23967,26.103428]
[119.241028,26.106697]
[119.241241,26.107201]
[119.241478,26.107748]
[119.241615,26.108038]
[119.241867,26.108538]
[119.242035,26.108824]
[119.242561,26.109732]
*****路线1步骤2关键坐标数目：34
[119.242561,26.109732]
[119.242905,26.110256]
[119.243141,26.110573]
[119.243423,26.110912]
[119.243713,26.111237]
[119.244118,26.111654]
[119.244354,26.111879]
[119.244743,26.112209]
[119.245186,26.112556]
[119.245506,26.112791]
[119.246025,26.113134]
[119.2463,26.113291]
[119.246964,26.113655]
[119.247566,26.113932]
[119.247986,26.114098]
[119.248695,26.11434]
[119.250313,26.114809]
[119.251244,26.114931]
[119.252747,26.115061]
[119.253448,26.115118]
[119.254311,26.115156]
[119.254768,26.11517]
[119.254982,26.115156]
[119.255669,26.115143]
[119.256927,26.115217]
[119.257462,26.115273]
[119.258194,26.115387]
[119.258926,26.115561]
[119.25956,26.115751]
[119.260384,26.116051]
[119.261162,26.116385]
[119.261925,26.116776]
[119.262497,26.117119]
[119.263031,26.11747]
*****路线1步骤3关键坐标数目：40
[119.263031,26.11747]
[119.264183,26.11829]
[119.265732,26.119328]
[119.266891,26.120035]
[119.267319,26.120243]
[119.267761,26.120461]
[119.268394,26.120747]
[119.269043,26.121019]
[119.269997,26.121349]
[119.270294,26.12142]
[119.271332,26.121679]
[119.271774,26.12178]
[119.272491,26.12191]
[119.273384,26.122013]
[119.274078,26.122053]
[119.274963,26.122084]
[119.276756,26.12207]
[119.278282,26.12207]
[119.27887,26.122084]
[119.279739,26.122145]
[119.280052,26.122169]
[119.280739,26.122244]
[119.281311,26.122322]
[119.281837,26.1224]
[119.283051,26.122612]
[119.283905,26.122786]
[119.288292,26.123615]
[119.288818,26.123697]
[119.289391,26.123772]
[119.290276,26.12385]
[119.291252,26.123877]
[119.291977,26.123863]
[119.292931,26.123793]
[119.293854,26.123672]
[119.29438,26.123577]
[119.298477,26.122774]
[119.299484,26.122587]
[119.3004,26.122458]
[119.301437,26.122322]
[119.302414,26.122227]