*****路线数目：1
*****路线1步骤数目：6
*****路线1路线长度：20902米
*****路线1步骤1关键坐标数目：42
[119.348557,25.996298]
[119.350449,25.997036]
[119.351646,25.997496]
[119.352585,25.997877]
[119.355431,25.999002]
[119.355743,25.999149]
[119.356377,25.999496]
[119.356842,25.999813]
[119.357361,26.000231]
[119.359444,26.00214]
[119.359619,26.0023]
[119.359947,26.002579]
[119.360313,26.002831]
[119.360611,26.003017]
[119.361,26.003239]
[119.362373,26.003897]
[119.362656,26.004063]
[119.362984,26.004267]
[119.363281,26.004478]
[119.363655,26.00477]
[119.363853,26.004948]
[119.364037,26.005117]
[119.365891,26.007013]
[119.3685,26.00967]
[119.370399,26.01162]
[119.37085,26.012117]
[119.371346,26.012686]
[119.371681,26.013103]
[119.372032,26.013559]
[119.372414,26.01408]
[119.37278,26.014591]
[119.373764,26.016085]
[119.375351,26.018467]
[119.375885,26.019283]
[119.37693,26.020868]
[119.37825,26.022825]
[119.379288,26.024424]
[119.379929,26.025373]
[119.380295,26.025928]
[119.380486,26.026228]
[119.380585,26.026402]
[119.380867,26.026857]
*****路线1步骤2关键坐标数目：17
[119.380867,26.026857]
[119.381439,26.0277]
[119.381577,26.027943]
[119.381676,26.028126]
[119.381737,26.028316]
[119.381783,26.028498]
[119.381821,26.028776]
[119.381821,26.028954]
[119.381805,26.029133]
[119.38179,26.029276]
[119.381752,26.02948]
[119.381668,26.029736]
[119.381538,26.029991]
[119.381218,26.030586]
[119.381012,26.030825]
[119.380821,26.03105]
[119.380554,26.031397]
*****路线1步骤3关键坐标数目：10
[119.380554,26.031397]
[119.380486,26.031488]
[119.380226,26.031866]
[119.380035,26.032179]
[119.379929,26.032383]
[119.379875,26.032492]
[119.379372,26.033363]
[119.378822,26.034206]
[119.378471,26.034704]
[119.378197,26.035088]
*****路线1步骤4关键坐标数目：123
[119.378197,26.035088]
[119.378082,26.035248]
[119.377518,26.035955]
[119.377098,26.036449]
[119.376663,26.036936]
[119.376045,26.037565]
[119.37545,26.038191]
[119.373367,26.040325]
[119.37252,26.041199]
[119.371925,26.041788]
[119.36998,26.043772]
[119.369041,26.044739]
[119.368645,26.045177]
[119.368279,26.045643]
[119.367828,26.046307]
[119.367691,26.046537]
[119.367516,26.046837]
[119.36718,26.047487]
[119.366852,26.048273]
[119.366699,26.048681]
[119.366646,26.048859]
[119.36644,26.049658]
[119.366386,26.049904]
[119.366318,26.050304]
[119.366302,26.050529]
[119.366295,26.050716]
[119.366241,26.051319]
[119.366249,26.051796]
[119.366264,26.05233]
[119.366302,26.052639]
[119.366394,26.053312]
[119.366478,26.053745]
[119.366554,26.054049]
[119.36673,26.054678]
[119.366837,26.05497]
[119.366943,26.055248]
[119.367188,26.055847]
[119.367378,26.056307]
[119.368042,26.057638]
[119.368469,26.058525]
[119.368889,26.059387]
[119.369408,26.060482]
[119.370224,26.06221]
[119.370522,26.06283]
[119.37059,26.062994]
[119.370941,26.063841]
[119.371109,26.064362]
[119.371307,26.065042]
[119.371384,26.065308]
[119.371529,26.066128]
[119.371658,26.067261]
[119.371696,26.068026]
[119.371696,26.068216]
[119.371666,26.068907]
[119.371613,26.069578]
[119.371544,26.070051]
[119.371529,26.070129]
[119.371407,26.070868]
[119.37101,26.072735]
[119.370834,26.073538]
[119.37059,26.074804]
[119.370575,26.074926]
[119.370377,26.076288]
[119.370224,26.077757]
[119.370155,26.078529]
[119.370102,26.080343]
[119.370087,26.081272]
[119.370186,26.08609]
[119.370079,26.087427]
[119.370087,26.088095]
[119.370071,26.090399]
[119.370071,26.091623]
[119.370064,26.092134]
[119.370071,26.09296]
[119.370079,26.093655]
[119.370064,26.094757]
[119.370033,26.09552]
[119.370033,26.095911]
[119.36998,26.096523]
[119.369934,26.096975]
[119.369827,26.09754]
[119.369705,26.097982]
[119.369583,26.098368]
[119.369408,26.098833]
[119.369217,26.099276]
[119.368927,26.099848]
[119.368622,26.100321]
[119.368385,26.100664]
[119.368126,26.100998]
[119.36776,26.101427]
[119.367393,26.10181]
[119.367226,26.101971]
[119.366821,26.102318]
[119.366249,26.102753]
[119.365761,26.103073]
[119.365448,26.103264]
[119.364876,26.103577]
[119.364563,26.103724]
[119.364113,26.103914]
[119.36364,26.104097]
[119.363419,26.104166]
[119.362831,26.104336]
[119.362343,26.104448]
[119.361595,26.10458]
[119.361145,26.104631]
[119.360779,26.104666]
[119.359184,26.104761]
[119.358856,26.104774]
[119.349335,26.10519]
[119.347725,26.105265]
[119.346703,26.105333]
[119.345329,26.105473]
[119.34417,26.105656]
[119.343544,26.105785]
[119.342064,26.106125]
[119.34127,26.106316]
[119.340752,26.106455]
[119.338959,26.107023]
[119.338608,26.107149]
[119.337341,26.107605]
[119.336266,26.108034]
[119.334892,26.108624]
[119.333382,26.109348]
*****路线1步骤5关键坐标数目：17
[119.333382,26.109348]
[119.33165,26.110178]
[119.330688,26.110634]
[119.329582,26.111158]
[119.327362,26.112253]
[119.326149,26.112921]
[119.325157,26.113489]
[119.324318,26.11401]
[119.323456,26.114588]
[119.322113,26.11553]
[119.321907,26.11569]
[119.319321,26.117708]
[119.31781,26.118898]
[119.317184,26.119362]
[119.316765,26.119658]
[119.316353,26.119913]
[119.316002,26.120113]
*****路线1步骤6关键坐标数目：15
[119.316002,26.120113]
[119.315468,26.120373]
[119.314919,26.120625]
[119.31427,26.120872]
[119.313713,26.12105]
[119.313591,26.121077]
[119.31321,26.121185]
[119.312798,26.121288]
[119.312569,26.121332]
[119.312012,26.12142]
[119.309029,26.121714]
[119.308693,26.121744]
[119.304161,26.122175]
[119.302841,26.122295]
[119.302338,26.122343]


*****路线数目：1
*****路线1步骤数目：3
*****路线1路线长度：28796米
*****路线1步骤1关键坐标数目：67
[119.302338,26.122343]
[119.302185,26.122356]
[119.301178,26.122465]
[119.300377,26.122574]
[119.299408,26.122721]
[119.298538,26.122873]
[119.297462,26.123077]
[119.295952,26.12339]
[119.29438,26.123703]
[119.293709,26.123816]
[119.293015,26.123901]
[119.29203,26.123976]
[119.291367,26.123993]
[119.290688,26.123989]
[119.289986,26.123941]
[119.289436,26.123894]
[119.288734,26.123806]
[119.286507,26.123425]
[119.285889,26.123289]
[119.284302,26.122965]
[119.283752,26.122873]
[119.283333,26.122808]
[119.282326,26.122625]
[119.281334,26.122461]
[119.280045,26.122305]
[119.279739,26.122271]
[119.279602,26.122253]
[119.278854,26.122206]
[119.277847,26.122175]
[119.276733,26.122187]
[119.274986,26.12221]
[119.273384,26.122158]
[119.272469,26.122049]
[119.271698,26.121914]
[119.270866,26.121737]
[119.270485,26.121645]
[119.269981,26.121492]
[119.269424,26.121315]
[119.268814,26.121084]
[119.268311,26.120876]
[119.267204,26.120378]
[119.266785,26.120192]
[119.265991,26.119675]
[119.265625,26.119457]
[119.265503,26.119371]
[119.265121,26.119114]
[119.264076,26.118389]
[119.262894,26.117596]
[119.262688,26.117453]
[119.262207,26.117149]
[119.261543,26.116762]
[119.261177,26.116571]
[119.260918,26.116432]
[119.260727,26.116358]
[119.260101,26.116095]
[119.25946,26.115864]
[119.258942,26.115717]
[119.25856,26.115625]
[119.258209,26.115561]
[119.25769,26.115482]
[119.256653,26.115391]
[119.256279,26.11537]
[119.255455,26.115334]
[119.254768,26.11533]
[119.253471,26.115282]
[119.252098,26.115177]
[119.251251,26.115082]
*****路线1步骤2关键坐标数目：2
[119.251251,26.115082]
[119.249535,26.115095]
*****路线1步骤3关键坐标数目：250
[119.249535,26.115095]
[119.248367,26.115082]
[119.248108,26.115061]
[119.247696,26.115004]
[119.247528,26.114965]
[119.247276,26.114897]
[119.247078,26.11483]
[119.24675,26.1147]
[119.246407,26.114523]
[119.246094,26.114319]
[119.245956,26.114223]
[119.245712,26.114019]
[119.245522,26.113832]
[119.245399,26.113707]
[119.245155,26.113407]
[119.24482,26.112947]
[119.243195,26.110846]
[119.242844,26.110352]
[119.242706,26.110151]
[119.242447,26.109766]
[119.241959,26.108959]
[119.241631,26.108334]
[119.241127,26.107252]
[119.240891,26.106758]
[119.240784,26.106493]
[119.239548,26.103516]
[119.238571,26.101151]
[119.238335,26.100616]
[119.238068,26.100086]
[119.237915,26.099827]
[119.237778,26.099619]
[119.237579,26.099344]
[119.237381,26.099089]
[119.23703,26.098724]
[119.236694,26.098408]
[119.236427,26.098177]
[119.236069,26.097921]
[119.235741,26.097708]
[119.235374,26.097504]
[119.234703,26.097197]
[119.231644,26.095928]
[119.231232,26.095751]
[119.230835,26.09556]
[119.23053,26.095387]
[119.230255,26.095217]
[119.230064,26.095087]
[119.229652,26.09477]
[119.229477,26.09461]
[119.229317,26.094454]
[119.229065,26.094172]
[119.228905,26.093985]
[119.228767,26.093798]
[119.228645,26.09362]
[119.2285,26.09339]
[119.228333,26.093082]
[119.228142,26.092651]
[119.228058,26.092426]
[119.227966,26.092148]
[119.227882,26.09181]
[119.227814,26.091358]
[119.227798,26.091007]
[119.227798,26.090912]
[119.227776,26.090834]
[119.227798,26.090729]
[119.227798,26.090569]
[119.227806,26.090364]
[119.227829,26.090117]
[119.227859,26.08997]
[119.227936,26.089592]
[119.228035,26.089201]
[119.228241,26.088581]
[119.228348,26.088251]
[119.228645,26.087509]
[119.228851,26.087013]
[119.228958,26.086784]
[119.229271,26.086176]
[119.229599,26.085543]
[119.23156,26.081926]
[119.232162,26.08062]
[119.232285,26.080296]
[119.232307,26.080217]
[119.232445,26.079727]
[119.232536,26.079374]
[119.232597,26.079071]
[119.232689,26.078445]
[119.232712,26.078091]
[119.232719,26.077499]
[119.232719,26.077101]
[119.232674,26.075747]
[119.232651,26.075052]
[119.232635,26.074593]
[119.232597,26.073021]
[119.232567,26.072248]
[119.232567,26.071983]
[119.232567,26.071653]
[119.232574,26.07099]
[119.232605,26.07065]
[119.23262,26.070404]
[119.232666,26.070143]
[119.232674,26.070017]
[119.232742,26.069424]
[119.23288,26.068632]
[119.233002,26.068151]
[119.233162,26.067421]
[119.233261,26.067026]
[119.23333,26.066601]
[119.233368,26.066267]
[119.233406,26.066025]
[119.233429,26.065504]
[119.233452,26.064575]
[119.233505,26.061285]
[119.233521,26.060989]
[119.233543,26.059488]
[119.233536,26.059029]
[119.233559,26.058008]
[119.233604,26.057291]
[119.233643,26.05681]
[119.233719,26.056124]
[119.233833,26.055326]
[119.233978,26.054613]
[119.234253,26.053082]
[119.234566,26.051493]
[119.234879,26.049814]
[119.235085,26.048645]
[119.235443,26.046837]
[119.23568,26.045589]
[119.235786,26.044922]
[119.235886,26.044479]
[119.235924,26.044254]
[119.236198,26.043077]
[119.236427,26.042248]
[119.236649,26.041389]
[119.236839,26.040791]
[119.236938,26.040478]
[119.237259,26.039557]
[119.237602,26.038664]
[119.237778,26.038225]
[119.238213,26.03727]
[119.238541,26.036589]
[119.239098,26.035521]
[119.239517,26.034779]
[119.239807,26.034288]
[119.240448,26.033278]
[119.240868,26.032661]
[119.24128,26.03208]
[119.241531,26.031757]
[119.241982,26.031155]
[119.24234,26.030699]
[119.243195,26.029678]
[119.243362,26.029491]
[119.243805,26.028929]
[119.244492,26.028103]
[119.245125,26.02737]
[119.245712,26.026606]
[119.24614,26.026115]
[119.247353,26.024666]
[119.247658,26.024305]
[119.248177,26.02368]
[119.248512,26.023277]
[119.248817,26.022903]
[119.249428,26.022192]
[119.250015,26.021515]
[119.25174,26.019762]
[119.252304,26.019167]
[119.254761,26.016649]
[119.259773,26.011488]
[119.26075,26.010504]
[119.262032,26.009163]
[119.263924,26.007227]
[119.264656,26.006472]
[119.265503,26.005625]
[119.265671,26.005482]
[119.266197,26.00507]
[119.266556,26.004814]
[119.267128,26.00444]
[119.267708,26.00412]
[119.268661,26.003664]
[119.269806,26.003077]
[119.270416,26.002787]
[119.271233,26.002409]
[119.272949,26.001596]
[119.273178,26.001493]
[119.27533,26.000469]
[119.275795,26.000242]
[119.276489,25.999905]
[119.276772,25.999762]
[119.277222,25.999506]
[119.277847,25.999136]
[119.278587,25.998663]
[119.278915,25.998442]
[119.279861,25.997822]
[119.281197,25.996944]
[119.282852,25.995842]
[119.283104,25.995672]
[119.283386,25.995478]
[119.284019,25.995018]
[119.284531,25.994658]
[119.284721,25.994509]
[119.285851,25.993586]
[119.288193,25.991653]
[119.288887,25.991116]
[119.289444,25.990721]
[119.290375,25.990122]
[119.290779,25.989874]
[119.291557,25.989452]
[119.29229,25.989088]
[119.292671,25.988911]
[119.29332,25.988638]
[119.294014,25.988363]
[119.294724,25.988121]
[119.295296,25.987934]
[119.29583,25.987787]
[119.29689,25.987526]
[119.297356,25.987434]
[119.298157,25.987295]
[119.298805,25.987206]
[119.299286,25.987148]
[119.299927,25.987083]
[119.300468,25.987049]
[119.301636,25.987022]
[119.302185,25.987032]
[119.30265,25.987049]
[119.303291,25.987087]
[119.303734,25.987131]
[119.305138,25.987288]
[119.305817,25.987366]
[119.315552,25.988489]
[119.316422,25.988594]
[119.317223,25.988672]
[119.318924,25.98888]
[119.320992,25.989101]
[119.322891,25.989319]
[119.324425,25.9895]
[119.325348,25.989622]
[119.326385,25.989799]
[119.327049,25.989939]
[119.327682,25.990095]
[119.329842,25.990717]
[119.333778,25.991854]
[119.335258,25.992292]
[119.337624,25.992981]
[119.340096,25.993681]
[119.341316,25.994049]
[119.343124,25.994562]
[119.344101,25.994844]
[119.345367,25.995209]
[119.346313,25.995491]
[119.346962,25.995699]
[119.347343,25.995829]
[119.348511,25.996277]




