*****路线数目：1
*****路线1步骤数目：1
*****路线1路线长度：7820米
*****路线1步骤1关键坐标数目：137
[119.305954,26.122757]
[119.305946,26.122622]
[119.305954,26.119692]
[119.305954,26.118879]
[119.305969,26.118753]
[119.305954,26.118116]
[119.305969,26.116446]
[119.305969,26.115255]
[119.305969,26.114309]
[119.305969,26.114223]
[119.305969,26.113672]
[119.305969,26.112461]
[119.305969,26.111814]
[119.305969,26.111263]
[119.305992,26.110929]
[119.306007,26.110487]
[119.306007,26.110325]
[119.306007,26.110239]
[119.306023,26.109753]
[119.306023,26.108889]
[119.306023,26.108711]
[119.306023,26.108408]
[119.306023,26.108204]
[119.306007,26.107725]
[119.306007,26.107534]
[119.306007,26.1057]
[119.306038,26.105082]
[119.306038,26.104588]
[119.306023,26.103907]
[119.306038,26.10322]
[119.306038,26.102674]
[119.306038,26.102509]
[119.306053,26.102261]
[119.306061,26.102171]
[119.306076,26.101913]
[119.306091,26.101709]
[119.306099,26.101368]
[119.306129,26.101002]
[119.306129,26.100924]
[119.306145,26.100695]
[119.30616,26.100534]
[119.306183,26.1001]
[119.30619,26.099895]
[119.306213,26.099535]
[119.306236,26.099115]
[119.306259,26.09878]
[119.306267,26.098541]
[119.30629,26.098156]
[119.306305,26.098017]
[119.306313,26.097752]
[119.306335,26.097319]
[119.306366,26.096819]
[119.306389,26.09622]
[119.306427,26.095703]
[119.306435,26.095573]
[119.306458,26.094978]
[119.306473,26.09477]
[119.306511,26.093763]
[119.306526,26.093472]
[119.306526,26.093407]
[119.306541,26.093086]
[119.306541,26.092825]
[119.306564,26.092382]
[119.306557,26.092297]
[119.306564,26.092045]
[119.306572,26.091806]
[119.306572,26.091497]
[119.30658,26.090811]
[119.306664,26.09049]
[119.306694,26.090347]
[119.306877,26.089762]
[119.306999,26.089418]
[119.307121,26.089132]
[119.307152,26.089075]
[119.307396,26.088524]
[119.307846,26.087543]
[119.308136,26.086914]
[119.308174,26.086792]
[119.308258,26.086563]
[119.308327,26.086298]
[119.308487,26.085686]
[119.30854,26.085447]
[119.308731,26.0847]
[119.30896,26.083797]
[119.309181,26.08297]
[119.309288,26.082548]
[119.309547,26.081572]
[119.309875,26.080381]
[119.309906,26.080261]
[119.309929,26.080156]
[119.309959,26.080048]
[119.309998,26.079922]
[119.310066,26.079649]
[119.310242,26.078959]
[119.310432,26.078199]
[119.310661,26.077414]
[119.31076,26.076965]
[119.310799,26.076815]
[119.310921,26.076385]
[119.310951,26.076281]
[119.311302,26.074862]
[119.311371,26.07464]
[119.311478,26.074228]
[119.311546,26.073954]
[119.311562,26.073862]
[119.311684,26.073425]
[119.311707,26.073311]
[119.311737,26.073181]
[119.311806,26.072947]
[119.311897,26.072575]
[119.312012,26.072126]
[119.312065,26.071814]
[119.312149,26.071129]
[119.312187,26.070782]
[119.312202,26.070616]
[119.312271,26.070047]
[119.312325,26.069597]
[119.312347,26.069492]
[119.312355,26.069414]
[119.312515,26.068125]
[119.312569,26.067703]
[119.312653,26.066957]
[119.312866,26.065294]
[119.312927,26.064787]
[119.313042,26.063919]
[119.313057,26.063807]
[119.313118,26.063341]
[119.31321,26.062565]
[119.313332,26.061541]
[119.313385,26.060986]
[119.313591,26.05937]
[119.313683,26.05872]
[119.314026,26.055746]
[119.314117,26.054939]
[119.314133,26.05481]
[119.314407,26.053329]
[119.314568,26.052622]