*****路线数目：1
*****路线1步骤数目：1
*****路线1路线长度：4421米
*****路线1步骤1关键坐标数目：76
[119.310799,26.051628]
[119.310188,26.052452]
[119.310158,26.052496]
[119.309578,26.053276]
[119.309563,26.053299]
[119.30928,26.053677]
[119.30899,26.054054]
[119.308975,26.054075]
[119.30838,26.054901]
[119.308174,26.05517]
[119.308144,26.055222]
[119.307846,26.055674]
[119.307381,26.056372]
[119.307144,26.05674]
[119.307098,26.056797]
[119.306938,26.057032]
[119.306404,26.057774]
[119.306038,26.058229]
[119.305862,26.058472]
[119.30574,26.058655]
[119.305611,26.05892]
[119.305542,26.059149]
[119.305489,26.059475]
[119.305481,26.059614]
[119.305489,26.059826]
[119.305519,26.06007]
[119.305588,26.06049]
[119.305954,26.062742]
[119.306053,26.063316]
[119.306068,26.063568]
[119.306068,26.06365]
[119.306053,26.063745]
[119.305984,26.064041]
[119.305931,26.064192]
[119.305367,26.066216]
[119.305115,26.067026]
[119.305107,26.067049]
[119.304482,26.069019]
[119.304459,26.069071]
[119.304047,26.070343]
[119.30368,26.071598]
[119.303604,26.071901]
[119.303574,26.072035]
[119.303421,26.072548]
[119.303223,26.073273]
[119.303047,26.073824]
[119.302734,26.074739]
[119.302567,26.07526]
[119.302444,26.075768]
[119.302414,26.075872]
[119.302361,26.076056]
[119.30233,26.076138]
[119.302284,26.076237]
[119.30217,26.076393]
[119.302017,26.076593]
[119.301636,26.077747]
[119.301468,26.078247]
[119.301277,26.078836]
[119.300819,26.080248]
[119.300659,26.080755]
[119.300575,26.081081]
[119.300568,26.081106]
[119.300224,26.082262]
[119.300011,26.082981]
[119.299812,26.083767]
[119.299652,26.084509]
[119.299637,26.084644]
[119.299576,26.084848]
[119.299431,26.085464]
[119.299332,26.085899]
[119.299309,26.085981]
[119.299095,26.086893]
[119.298958,26.087479]
[119.298813,26.088116]
[119.298615,26.08898]
[119.298538,26.08931]