*****路线数目：1
*****路线1步骤数目：2
*****路线1路线长度：5807米
*****路线1步骤1关键坐标数目：64
[119.31646,26.104128]
[119.31646,26.104111]
[119.316475,26.102852]
[119.31649,26.102066]
[119.316505,26.101749]
[119.316528,26.099987]
[119.316544,26.097921]
[119.316513,26.097622]
[119.316475,26.097401]
[119.316422,26.097214]
[119.316338,26.096975]
[119.316162,26.096619]
[119.316093,26.096472]
[119.315987,26.096306]
[119.315903,26.096197]
[119.31575,26.095999]
[119.315506,26.095673]
[119.315346,26.095438]
[119.315269,26.095264]
[119.315186,26.09507]
[119.315109,26.094883]
[119.315079,26.094679]
[119.315063,26.094526]
[119.315071,26.094379]
[119.315086,26.094059]
[119.31517,26.093536]
[119.315277,26.093039]
[119.315376,26.092627]
[119.315712,26.091063]
[119.315849,26.090334]
[119.316055,26.089432]
[119.316132,26.089058]
[119.316368,26.087873]
[119.316406,26.087738]
[119.316475,26.087444]
[119.316658,26.086567]
[119.316994,26.084965]
[119.317116,26.084614]
[119.317238,26.084288]
[119.317604,26.08375]
[119.318031,26.083134]
[119.318504,26.08243]
[119.318604,26.082266]
[119.318726,26.082027]
[119.318802,26.081823]
[119.318909,26.081341]
[119.318962,26.080908]
[119.31897,26.080799]
[119.319008,26.080273]
[119.319077,26.078386]
[119.319153,26.077152]
[119.319168,26.076685]
[119.319183,26.076468]
[119.319214,26.075947]
[119.319298,26.074528]
[119.319374,26.073395]
[119.319443,26.072231]
[119.319473,26.071676]
[119.319633,26.069805]
[119.319656,26.069601]
[119.319672,26.069201]
[119.319672,26.069115]
[119.31971,26.068499]
[119.319794,26.06724]
*****路线1步骤2关键坐标数目：20
[119.319794,26.06724]
[119.319847,26.067131]
[119.319893,26.06658]
[119.320122,26.063282]
[119.320099,26.063177]
[119.320137,26.062426]
[119.320175,26.061745]
[119.320244,26.060673]
[119.320244,26.060591]
[119.320412,26.058498]
[119.32048,26.057596]
[119.320503,26.057117]
[119.320587,26.055742]
[119.320618,26.0553]
[119.320625,26.055021]
[119.320641,26.054636]
[119.320694,26.053949]
[119.320694,26.053827]
[119.320747,26.053286]
[119.320816,26.052513]