*****路线数目：1
*****路线1步骤数目：1
*****路线1路线长度：3058米
*****路线1步骤1关键坐标数目：35
[119.352516,26.088377]
[119.352516,26.087894]
[119.352547,26.086046]
[119.352547,26.08576]
[119.352562,26.08507]
[119.35257,26.0849]
[119.352608,26.083376]
[119.352608,26.082861]
[119.352585,26.082273]
[119.352585,26.082148]
[119.352501,26.081684]
[119.352486,26.081633]
[119.352219,26.080317]
[119.351997,26.079245]
[119.351753,26.078094]
[119.351494,26.07688]
[119.351318,26.076033]
[119.351212,26.075481]
[119.350906,26.074005]
[119.350693,26.073029]
[119.35067,26.072891]
[119.350571,26.072596]
[119.35054,26.072538]
[119.350365,26.072153]
[119.350212,26.071836]
[119.349091,26.06955]
[119.349045,26.069475]
[119.348038,26.067474]
[119.347534,26.066406]
[119.347321,26.065971]
[119.346283,26.063559]
[119.345779,26.062309]
[119.345741,26.06217]
[119.345726,26.062092]
[119.34568,26.061754]