*****路线数目：1
*****路线1步骤数目：4
*****路线1路线长度：4017米
*****路线1步骤1关键坐标数目：36
[119.369408,26.090134]
[119.369316,26.089983]
[119.369263,26.089827]
[119.369247,26.089661]
[119.369263,26.089497]
[119.369316,26.08934]
[119.369354,26.089245]
[119.369514,26.089075]
[119.369606,26.089003]
[119.369705,26.088966]
[119.369911,26.088932]
[119.370018,26.088928]
[119.370155,26.088945]
[119.370277,26.08898]
[119.370361,26.089024]
[119.370453,26.089081]
[119.370537,26.089149]
[119.37059,26.089193]
[119.370689,26.089319]
[119.370743,26.089432]
[119.370781,26.089558]
[119.370781,26.089684]
[119.370766,26.089827]
[119.370728,26.089926]
[119.370674,26.090038]
[119.37059,26.090139]
[119.370461,26.090239]
[119.370361,26.090296]
[119.370224,26.090347]
[119.370064,26.090374]
[119.369949,26.090364]
[119.369812,26.090343]
[119.369698,26.090317]
[119.369576,26.090273]
[119.369492,26.090221]
[119.369431,26.090157]
*****路线1步骤2关键坐标数目：24
[119.369431,26.090157]
[119.368744,26.090134]
[119.368446,26.090143]
[119.368179,26.090126]
[119.367203,26.089922]
[119.366928,26.089888]
[119.366562,26.089874]
[119.364723,26.089939]
[119.363243,26.089979]
[119.362427,26.08996]
[119.362144,26.089935]
[119.361404,26.089827]
[119.360832,26.089714]
[119.360191,26.089596]
[119.359497,26.089483]
[119.358788,26.08935]
[119.358429,26.089275]
[119.35807,26.089211]
[119.357826,26.089163]
[119.356392,26.088898]
[119.356079,26.088728]
[119.355835,26.088711]
[119.35537,26.088612]
[119.354866,26.088524]
*****路线1步骤3关键坐标数目：18
[119.354866,26.088524]
[119.354774,26.088472]
[119.354065,26.088408]
[119.353699,26.088398]
[119.353111,26.088438]
[119.351944,26.088568]
[119.35038,26.088772]
[119.350258,26.08881]
[119.349785,26.088881]
[119.349083,26.088963]
[119.347305,26.089228]
[119.34671,26.089306]
[119.346451,26.089331]
[119.346245,26.089354]
[119.345886,26.089367]
[119.345329,26.089367]
[119.344635,26.089354]
[119.343727,26.08931]
*****路线1步骤4关键坐标数目：13
[119.343727,26.08931]
[119.343414,26.089293]
[119.342659,26.089275]
[119.34066,26.089197]
[119.339355,26.089157]
[119.338905,26.089146]
[119.33802,26.089123]
[119.337791,26.089109]
[119.337723,26.089109]
[119.337181,26.089085]
[119.336563,26.089041]
[119.335014,26.088963]
[119.334419,26.088959]