*****路线数目：1
*****路线1步骤数目：1
*****路线1路线长度：1701米
*****路线1步骤1关键坐标数目：29
[119.319344,26.076685]
[119.319305,26.076689]
[119.319168,26.076685]
[119.318962,26.076618]
[119.318863,26.076597]
[119.318817,26.076593]
[119.318558,26.076588]
[119.317551,26.076576]
[119.31691,26.076567]
[119.316231,26.07655]
[119.314888,26.076498]
[119.313782,26.076458]
[119.313507,26.076454]
[119.313118,26.076437]
[119.312691,26.076424]
[119.312096,26.07642]
[119.311821,26.07642]
[119.311005,26.076389]
[119.310921,26.076385]
[119.310432,26.076366]
[119.309563,26.076349]
[119.309326,26.076349]
[119.306992,26.076324]
[119.306786,26.076319]
[119.304428,26.076307]
[119.304359,26.076302]
[119.302757,26.076284]
[119.302544,26.076271]
[119.302284,26.076237]