*****路线数目：1
*****路线1步骤数目：1
*****路线1路线长度：1705米
*****路线1步骤1关键坐标数目：27
[119.30204,26.076115]
[119.302094,26.076115]
[119.30233,26.076138]
[119.302727,26.076172]
[119.30291,26.076181]
[119.304367,26.076199]
[119.304443,26.076202]
[119.306786,26.076216]
[119.306976,26.076216]
[119.309326,26.076246]
[119.309563,26.07625]
[119.310524,26.076281]
[119.310951,26.076281]
[119.311043,26.076281]
[119.311531,26.076298]
[119.31208,26.076307]
[119.312691,26.076328]
[119.313126,26.076342]
[119.313545,26.076355]
[119.313782,26.076359]
[119.314896,26.076389]
[119.315758,26.07641]
[119.316254,26.076424]
[119.317551,26.076458]
[119.318611,26.076454]
[119.318985,26.076475]
[119.31913,26.076468]