*****路线数目：1
*****路线1步骤数目：1
*****路线1路线长度：1526米
*****路线1步骤1关键坐标数目：24
[119.320107,26.065117]
[119.320229,26.06513]
[119.320671,26.065161]
[119.321411,26.065191]
[119.322639,26.065239]
[119.323006,26.065256]
[119.323456,26.065277]
[119.3255,26.065348]
[119.326889,26.065395]
[119.328018,26.065416]
[119.328316,26.06543]
[119.328552,26.065439]
[119.328804,26.065447]
[119.32888,26.065456]
[119.329048,26.06546]
[119.329361,26.065474]
[119.329529,26.065481]
[119.329826,26.065491]
[119.331734,26.065556]
[119.332619,26.06559]
[119.333794,26.065647]
[119.334991,26.065678]
[119.335289,26.065681]
[119.335419,26.065685]