*****路线数目：1
*****路线1步骤数目：1
*****路线1路线长度：1429米
*****路线1步骤1关键坐标数目：21
[119.320297,26.065247]
[119.320206,26.065239]
[119.320053,26.065229]
[119.319893,26.065212]
[119.319458,26.06513]
[119.319321,26.065104]
[119.317276,26.064671]
[119.316528,26.064518]
[119.315697,26.064337]
[119.315269,26.064245]
[119.314667,26.064137]
[119.313812,26.064024]
[119.313156,26.063932]
[119.313042,26.063919]
[119.3125,26.063889]
[119.311264,26.063854]
[119.308243,26.063772]
[119.308174,26.063772]
[119.306664,26.063715]
[119.306351,26.063694]
[119.306099,26.06366]