*****路线数目：1
*****路线1步骤数目：1
*****路线1路线长度：1548米
*****路线1步骤1关键坐标数目：30
[119.330902,26.093012]
[119.330574,26.092869]
[119.330208,26.092726]
[119.328941,26.092201]
[119.328316,26.091957]
[119.326729,26.091307]
[119.32663,26.091263]
[119.326271,26.091103]
[119.326195,26.091082]
[119.326134,26.091055]
[119.325676,26.090868]
[119.325287,26.090691]
[119.324257,26.090252]
[119.323509,26.08996]
[119.32283,26.089684]
[119.322365,26.089514]
[119.322113,26.089436]
[119.321442,26.089279]
[119.321266,26.089241]
[119.321129,26.089211]
[119.320694,26.089102]
[119.320236,26.088936]
[119.319618,26.088633]
[119.319344,26.08849]
[119.319077,26.088385]
[119.318901,26.08832]
[119.318436,26.088221]
[119.317184,26.087969]
[119.316872,26.087938]
[119.316528,26.087881]