*****路线数目：1
*****路线1步骤数目：2
*****路线1路线长度：1680米
*****路线1步骤1关键坐标数目：13
[119.234085,26.075352]
[119.234131,26.075359]
[119.234322,26.075352]
[119.234688,26.07543]
[119.236443,26.075838]
[119.236855,26.075951]
[119.237152,26.076042]
[119.237549,26.076162]
[119.237862,26.076281]
[119.239037,26.076736]
[119.241318,26.077635]
[119.242462,26.078077]
[119.242561,26.078142]
*****路线1步骤2关键坐标数目：20
[119.242561,26.078142]
[119.243317,26.078421]
[119.243645,26.078533]
[119.243744,26.07852]
[119.243927,26.078554]
[119.244072,26.078568]
[119.244308,26.078571]
[119.244461,26.078568]
[119.244621,26.078547]
[119.24501,26.078455]
[119.245224,26.078373]
[119.245583,26.07822]
[119.24762,26.077271]
[119.248123,26.07704]
[119.248558,26.076832]
[119.248817,26.076727]
[119.2491,26.076635]
[119.24939,26.076563]
[119.24955,26.076567]
[119.249756,26.076571]