*****路线数目：1
*****路线1步骤数目：1
*****路线1路线长度：2509米
*****路线1步骤1关键坐标数目：31
[119.261459,26.075872]
[119.261459,26.075668]
[119.261459,26.074162]
[119.261475,26.073706]
[119.261513,26.073484]
[119.261543,26.07332]
[119.261566,26.073233]
[119.26165,26.072926]
[119.261703,26.072826]
[119.261803,26.07263]
[119.261887,26.072514]
[119.261971,26.072371]
[119.262169,26.072123]
[119.26236,26.071953]
[119.269966,26.065872]
[119.271278,26.064878]
[119.271469,26.064726]
[119.271584,26.064636]
[119.27166,26.064575]
[119.271797,26.064463]
[119.272064,26.064253]
[119.273003,26.063498]
[119.273384,26.063187]
[119.274734,26.062092]
[119.274986,26.061832]
[119.275177,26.061598]
[119.275383,26.06131]
[119.276337,26.059948]
[119.276787,26.059387]
[119.277023,26.059172]
[119.277077,26.059128]

*****路线数目：1
*****路线1步骤数目：3
*****路线1路线长度：20491米
*****路线1步骤1关键坐标数目：114
[119.277077,26.059128]
[119.277443,26.058855]
[119.277885,26.058594]
[119.279404,26.057781]
[119.280556,26.05728]
[119.28244,26.056477]
[119.282936,26.056276]
[119.283455,26.056107]
[119.283829,26.056007]
[119.284393,26.055824]
[119.284645,26.055742]
[119.284775,26.055681]
[119.28508,26.055542]
[119.285454,26.055351]
[119.285622,26.055248]
[119.28698,26.054197]
[119.287155,26.054054]
[119.287483,26.05382]
[119.287849,26.053612]
[119.288094,26.053486]
[119.289055,26.053024]
[119.289604,26.0527]
[119.289917,26.052513]
[119.290466,26.052217]
[119.290863,26.052027]
[119.291634,26.051741]
[119.291832,26.051662]
[119.292068,26.05154]
[119.292236,26.051441]
[119.292549,26.05122]
[119.29274,26.05102]
[119.293007,26.050724]
[119.293434,26.050117]
[119.293678,26.049805]
[119.293823,26.049652]
[119.294022,26.04944]
[119.294685,26.048771]
[119.295433,26.048056]
[119.295715,26.047852]
[119.296127,26.047586]
[119.296562,26.047369]
[119.296806,26.047283]
[119.297081,26.047188]
[119.297531,26.047089]
[119.297974,26.047045]
[119.298836,26.047018]
[119.299339,26.047022]
[119.299812,26.047022]
[119.30217,26.047089]
[119.302582,26.047049]
[119.302948,26.04698]
[119.303543,26.046667]
[119.303787,26.046562]
[119.303978,26.046494]
[119.304199,26.046429]
[119.304413,26.046385]
[119.304794,26.046337]
[119.305237,26.046314]
[119.30571,26.046307]
[119.306129,26.046314]
[119.306541,26.046371]
[119.306717,26.046415]
[119.30706,26.046528]
[119.307411,26.046684]
[119.307549,26.046759]
[119.307793,26.046926]
[119.308472,26.04744]
[119.30864,26.047583]
[119.308777,26.047722]
[119.308899,26.047852]
[119.309059,26.048065]
[119.309204,26.048294]
[119.309494,26.048897]
[119.309692,26.049349]
[119.309738,26.049488]
[119.30983,26.049835]
[119.30986,26.050203]
[119.309875,26.050407]
[119.309875,26.050482]
[119.309906,26.050573]
[119.309982,26.05073]
[119.310089,26.050825]
[119.310257,26.050945]
[119.31057,26.051189]
[119.310799,26.051367]
[119.310867,26.051441]
[119.310989,26.051527]
[119.311111,26.051594]
[119.31163,26.051771]
[119.312233,26.051966]
[119.313591,26.052275]
[119.313736,26.052305]
[119.314552,26.052496]
[119.314651,26.052513]
[119.315132,26.052605]
[119.317261,26.053078]
[119.318596,26.053368]
[119.318924,26.053432]
[119.319458,26.053551]
[119.320137,26.053701]
[119.320694,26.053827]
[119.320854,26.053864]
[119.321404,26.053972]
[119.322327,26.05415]
[119.323364,26.054361]
[119.323418,26.054371]
[119.324333,26.054558]
[119.325104,26.054701]
[119.32592,26.054779]
[119.328194,26.054922]
[119.328804,26.055]
[119.329247,26.055099]
[119.329536,26.055178]
[119.330521,26.055443]
*****路线1步骤2关键坐标数目：8
[119.330521,26.055443]
[119.330765,26.055395]
[119.330811,26.055365]
[119.330986,26.055161]
[119.330971,26.054619]
[119.330971,26.054323]
[119.33094,26.053793]
[119.330849,26.052547]
*****路线1步骤3关键坐标数目：153
[119.330933,26.052336]
[119.331879,26.052217]
[119.332809,26.052132]
[119.333298,26.052078]
[119.335663,26.051815]
[119.336212,26.051748]
[119.337486,26.051619]
[119.338005,26.051575]
[119.338402,26.051519]
[119.339699,26.051203]
[119.340866,26.050894]
[119.341911,26.050638]
[119.343193,26.050299]
[119.343307,26.050268]
[119.345047,26.049814]
[119.346077,26.049519]
[119.346771,26.049305]
[119.347336,26.049124]
[119.348389,26.048771]
[119.34996,26.048208]
[119.351578,26.047583]
[119.351852,26.047483]
[119.35247,26.047218]
[119.35257,26.047178]
[119.354858,26.046263]
[119.355682,26.045919]
[119.356804,26.045456]
[119.357521,26.045135]
[119.358582,26.044605]
[119.360466,26.043558]
[119.361374,26.04306]
[119.362984,26.042179]
[119.363518,26.04187]
[119.364166,26.041485]
[119.364655,26.041159]
[119.364754,26.041084]
[119.365936,26.040165]
[119.366386,26.039831]
[119.366585,26.039692]
[119.367378,26.039206]
[119.367874,26.038927]
[119.368385,26.038603]
[119.368927,26.038269]
[119.369476,26.037886]
[119.369934,26.037525]
[119.371613,26.036133]
[119.371925,26.035864]
[119.37323,26.034779]
[119.374237,26.033924]
[119.374977,26.033255]
[119.375351,26.032907]
[119.376144,26.032087]
[119.37677,26.031397]
[119.377289,26.030787]
[119.377632,26.030378]
[119.378189,26.029657]
[119.378525,26.029192]
[119.379288,26.028147]
[119.379478,26.027912]
[119.379669,26.027704]
[119.379929,26.027496]
[119.380867,26.02684]
[119.381149,26.02668]
[119.381874,26.026197]
[119.382042,26.026081]
[119.38224,26.025908]
[119.382446,26.025721]
[119.382706,26.025421]
[119.382858,26.025204]
[119.383438,26.024332]
[119.383606,26.024132]
[119.38372,26.024006]
[119.383888,26.023859]
[119.384056,26.023733]
[119.384552,26.023376]
[119.385277,26.022896]
[119.385384,26.022829]
[119.38652,26.022062]
[119.386978,26.021749]
[119.387878,26.021128]
[119.388145,26.020929]
[119.388824,26.020412]
[119.390984,26.018936]
[119.391212,26.018789]
[119.391441,26.01865]
[119.392273,26.018204]
[119.394844,26.016874]
[119.395218,26.016697]
[119.395729,26.016485]
[119.396385,26.016251]
[119.396782,26.016125]
[119.397186,26.016016]
[119.397728,26.015898]
[119.398331,26.015785]
[119.398499,26.015764]
[119.398788,26.015741]
[119.399773,26.015682]
[119.399872,26.015682]
[119.405762,26.015329]
[119.409515,26.014835]
[119.411873,26.014513]
[119.413124,26.014349]
[119.413551,26.01428]
[119.413818,26.014227]
[119.414497,26.014059]
[119.415031,26.013893]
[119.416924,26.013212]
[119.417702,26.012934]
[119.417763,26.012913]
[119.418365,26.012669]
[119.419662,26.012182]
[119.420296,26.011913]
[119.42067,26.011732]
[119.421036,26.011536]
[119.421272,26.011398]
[119.421616,26.011185]
[119.422066,26.010885]
[119.423058,26.010201]
[119.423576,26.009844]
[119.42453,26.009211]
[119.426575,26.007816]
[119.427132,26.007444]
[119.429932,26.005547]
[119.431267,26.004622]
[119.432289,26.003859]
[119.433037,26.003256]
[119.435776,26.000994]
[119.436424,26.000422]
[119.437431,25.999483]
[119.437729,25.999187]
[119.43779,25.999128]
[119.438354,25.998577]
[119.438622,25.998285]
[119.439003,25.997911]
[119.439529,25.99736]
[119.439804,25.997084]
[119.43988,25.996996]
[119.440521,25.99625]
[119.441307,25.995256]
[119.442329,25.993998]
[119.442917,25.99329]
[119.443192,25.993004]
[119.443352,25.992855]
[119.443649,25.992617]
[119.443993,25.992357]
[119.444252,25.992178]
[119.444595,25.991962]
[119.444824,25.991831]
[119.446335,25.991167]
[119.446991,25.990873]
[119.447227,25.990759]
[119.447433,25.990669]
[119.447601,25.990582]