*****路线数目：1
*****路线1步骤数目：1
*****路线1路线长度：2191米
*****路线1步骤1关键坐标数目：43
[119.293404,26.091644]
[119.293434,26.091654]
[119.293533,26.091692]
[119.294518,26.091906]
[119.295052,26.091988]
[119.296265,26.092205]
[119.297058,26.092339]
[119.297752,26.09244]
[119.297859,26.092436]
[119.298004,26.092426]
[119.298943,26.092279]
[119.29937,26.092236]
[119.299652,26.092232]
[119.300064,26.092253]
[119.300255,26.092274]
[119.300652,26.092352]
[119.301216,26.092484]
[119.302521,26.092756]
[119.30307,26.09289]
[119.303154,26.092909]
[119.303978,26.093052]
[119.304649,26.093151]
[119.305344,26.093229]
[119.306122,26.093351]
[119.306526,26.093407]
[119.306664,26.093433]
[119.306946,26.093472]
[119.307312,26.093536]
[119.307564,26.093567]
[119.307861,26.093634]
[119.30809,26.093655]
[119.308334,26.093706]
[119.309288,26.093855]
[119.309464,26.093889]
[119.309807,26.093937]
[119.31012,26.093985]
[119.311371,26.094202]
[119.311874,26.094257]
[119.312706,26.094275]
[119.313354,26.094297]
[119.31427,26.094349]
[119.314499,26.094358]
[119.315063,26.094379]