*****路线数目：1
*****路线1步骤数目：1
*****路线1路线长度：2180米
*****路线1步骤1关键坐标数目：38
[119.315033,26.094526]
[119.314491,26.094509]
[119.314262,26.094505]
[119.313354,26.094458]
[119.312706,26.094423]
[119.311859,26.094358]
[119.311363,26.094267]
[119.310036,26.094049]
[119.309792,26.094015]
[119.309456,26.093958]
[119.308319,26.093763]
[119.307846,26.093702]
[119.307297,26.09359]
[119.306946,26.093542]
[119.306664,26.093494]
[119.306526,26.093472]
[119.306145,26.093424]
[119.305344,26.093307]
[119.304634,26.093225]
[119.304375,26.093172]
[119.30394,26.093124]
[119.303139,26.092978]
[119.30307,26.092964]
[119.302483,26.092821]
[119.301636,26.092644]
[119.301208,26.092535]
[119.30024,26.092314]
[119.299438,26.092291]
[119.299194,26.09231]
[119.298904,26.092339]
[119.297997,26.092501]
[119.297829,26.092518]
[119.297729,26.092508]
[119.296234,26.092279]
[119.295639,26.092178]
[119.294518,26.091961]
[119.293953,26.091866]
[119.29351,26.091749]