*****路线数目：1
*****路线1步骤数目：1
*****路线1路线长度：4354米
*****路线1步骤1关键坐标数目：81
[119.301682,26.049505]
[119.301399,26.049974]
[119.301056,26.050539]
[119.300865,26.050856]
[119.300125,26.052023]
[119.300064,26.052109]
[119.300049,26.052132]
[119.300018,26.052187]
[119.299911,26.05254]
[119.299545,26.053799]
[119.299194,26.055]
[119.299057,26.055422]
[119.298836,26.05595]
[119.298576,26.056484]
[119.29821,26.057161]
[119.297546,26.05838]
[119.297058,26.059298]
[119.296806,26.05974]
[119.296585,26.060122]
[119.296471,26.060305]
[119.296387,26.060452]
[119.296021,26.060942]
[119.295799,26.061255]
[119.29554,26.061741]
[119.295326,26.062269]
[119.295258,26.062462]
[119.295174,26.062761]
[119.29512,26.062895]
[119.295105,26.062986]
[119.294807,26.063993]
[119.294563,26.064562]
[119.294411,26.064869]
[119.294128,26.065395]
[119.294014,26.065681]
[119.293991,26.065702]
[119.293365,26.066948]
[119.293213,26.067287]
[119.292755,26.068264]
[119.292206,26.069601]
[119.292198,26.069639]
[119.291908,26.070412]
[119.291878,26.070499]
[119.29142,26.071793]
[119.291405,26.071854]
[119.291367,26.072266]
[119.291351,26.072382]
[119.291306,26.074423]
[119.291283,26.074556]
[119.29126,26.074726]
[119.291199,26.074987]
[119.291,26.075804]
[119.290947,26.076002]
[119.290901,26.076223]
[119.290848,26.076468]
[119.290833,26.07658]
[119.290779,26.077169]
[119.290779,26.07753]
[119.290825,26.078251]
[119.290848,26.078737]
[119.29097,26.080235]
[119.290955,26.080313]
[119.290955,26.080364]
[119.290939,26.080534]
[119.290878,26.080786]
[119.290779,26.081034]
[119.290642,26.081364]
[119.290436,26.081888]
[119.290329,26.082144]
[119.290085,26.082678]
[119.290031,26.08279]
[119.28997,26.08297]
[119.289688,26.083672]
[119.289497,26.084148]
[119.289322,26.084539]
[119.289291,26.084627]
[119.2892,26.084862]
[119.289024,26.085508]
[119.288925,26.085903]
[119.288872,26.08609]
[119.288834,26.086325]
[119.288788,26.086624]