*****路线数目：1
*****路线1步骤数目：1
*****路线1路线长度：1964米
*****路线1步骤1关键坐标数目：53
[119.299065,26.122948]
[119.299065,26.12303]
[119.299042,26.123224]
[119.299042,26.123281]
[119.298996,26.123781]
[119.298973,26.124241]
[119.298927,26.124783]
[119.298927,26.12484]
[119.298882,26.125139]
[119.298851,26.125343]
[119.298836,26.125565]
[119.298836,26.125708]
[119.298851,26.125973]
[119.298882,26.126163]
[119.298981,26.126619]
[119.299072,26.126841]
[119.299316,26.127375]
[119.299484,26.127743]
[119.299622,26.128021]
[119.300179,26.129236]
[119.300468,26.129761]
[119.300697,26.130209]
[119.300797,26.130373]
[119.300842,26.130465]
[119.301094,26.130886]
[119.301369,26.131281]
[119.301491,26.131454]
[119.301804,26.131948]
[119.301903,26.132114]
[119.302048,26.132421]
[119.30217,26.132782]
[119.302238,26.132969]
[119.302528,26.13402]
[119.30262,26.134398]
[119.302666,26.134596]
[119.302689,26.1348]
[119.302719,26.135035]
[119.302727,26.135338]
[119.302689,26.135637]
[119.302673,26.135756]
[119.302589,26.136133]
[119.302536,26.136324]
[119.302475,26.136532]
[119.302284,26.13711]
[119.302208,26.137375]
[119.302132,26.137608]
[119.302017,26.137985]
[119.30191,26.138285]
[119.301895,26.138334]
[119.30175,26.138784]
[119.301643,26.139149]
[119.301529,26.139557]
[119.301453,26.139853]