*****路线数目：1
*****路线1步骤数目：8
*****路线1路线长度：18646米
*****路线1步骤1关键坐标数目：105
[119.457886,26.00029]
[119.456039,26.000269]
[119.450096,26.000147]
[119.44825,26.00013]
[119.446754,26.000113]
[119.446404,26.000126]
[119.446121,26.000147]
[119.445816,26.000187]
[119.445572,26.000221]
[119.445206,26.000296]
[119.444801,26.000412]
[119.444542,26.0005]
[119.444351,26.000568]
[119.443916,26.000759]
[119.443436,26.001011]
[119.443123,26.001211]
[119.442917,26.00135]
[119.442642,26.001589]
[119.4422,26.002005]
[119.441086,26.003113]
[119.440224,26.003981]
[119.4384,26.005798]
[119.437057,26.007149]
[119.436928,26.007265]
[119.436646,26.007557]
[119.435509,26.008673]
[119.433334,26.010855]
[119.432961,26.011255]
[119.432655,26.01161]
[119.432327,26.012022]
[119.43219,26.012209]
[119.431946,26.012579]
[119.431702,26.012951]
[119.431458,26.013407]
[119.431129,26.014076]
[119.429749,26.016962]
[119.429184,26.018139]
[119.428612,26.019279]
[119.428299,26.019835]
[119.428055,26.020187]
[119.427719,26.020634]
[119.427429,26.020971]
[119.427338,26.02108]
[119.427132,26.02129]
[119.426857,26.021563]
[119.426514,26.021866]
[119.42585,26.022413]
[119.424774,26.023277]
[119.424721,26.023315]
[119.421478,26.025898]
[119.419998,26.027088]
[119.419647,26.027357]
[119.419044,26.027796]
[119.418465,26.028156]
[119.417831,26.028494]
[119.41745,26.028677]
[119.417152,26.028803]
[119.416756,26.02895]
[119.416306,26.029106]
[119.415901,26.029219]
[119.415359,26.029345]
[119.41465,26.029474]
[119.414055,26.029552]
[119.411522,26.029852]
[119.410934,26.029909]
[119.410362,26.02993]
[119.410049,26.029936]
[119.409737,26.029922]
[119.409302,26.029892]
[119.408829,26.029844]
[119.408157,26.029736]
[119.407547,26.029623]
[119.407372,26.029587]
[119.406921,26.029501]
[119.40564,26.029253]
[119.404007,26.02894]
[119.403397,26.028824]
[119.401924,26.028542]
[119.400948,26.028364]
[119.400536,26.028303]
[119.40049,26.028299]
[119.3992,26.028116]
[119.398979,26.02809]
[119.398491,26.028034]
[119.397705,26.027956]
[119.396965,26.027895]
[119.39637,26.027851]
[119.395607,26.027813]
[119.394356,26.027782]
[119.393089,26.027779]
[119.391678,26.0278]
[119.390358,26.027813]
[119.388283,26.027847]
[119.388,26.027874]
[119.387703,26.027912]
[119.387184,26.02803]
[119.386978,26.028095]
[119.386787,26.02816]
[119.38649,26.028299]
[119.386299,26.028402]
[119.386086,26.028534]
[119.385849,26.028715]
[119.385643,26.028893]
[119.385468,26.029058]
[119.385193,26.029335]
*****路线1步骤2关键坐标数目：6
[119.385193,26.029335]
[119.380905,26.03389]
[119.379929,26.034874]
[119.379547,26.035252]
[119.379265,26.035547]
[119.379005,26.035816]
*****路线1步骤3关键坐标数目：45
[119.379005,26.035816]
[119.377815,26.037052]
[119.376266,26.038647]
[119.375587,26.039375]
[119.375137,26.039865]
[119.373589,26.041576]
[119.37323,26.041948]
[119.372963,26.042274]
[119.372742,26.042578]
[119.372566,26.04286]
[119.37252,26.042948]
[119.372398,26.043221]
[119.372307,26.043503]
[119.372284,26.043612]
[119.372253,26.043798]
[119.372223,26.043993]
[119.372223,26.04414]
[119.372215,26.045235]
[119.372238,26.04579]
[119.372253,26.046085]
[119.372284,26.046354]
[119.372353,26.046705]
[119.372414,26.046919]
[119.372482,26.047144]
[119.372566,26.047335]
[119.372673,26.047565]
[119.372795,26.047783]
[119.373001,26.04813]
[119.373573,26.048954]
[119.374306,26.049999]
[119.37458,26.050434]
[119.374725,26.050642]
[119.374847,26.050846]
[119.375,26.051142]
[119.375137,26.051479]
[119.375191,26.051666]
[119.375244,26.05191]
[119.375259,26.052057]
[119.375275,26.052227]
[119.375275,26.052639]
[119.375259,26.052986]
[119.375153,26.053411]
[119.375099,26.053511]
[119.374947,26.054014]
[119.374878,26.05418]
*****路线1步骤4关键坐标数目：62
[119.374878,26.05418]
[119.374596,26.054714]
[119.374222,26.055456]
[119.373909,26.055998]
[119.373512,26.056606]
[119.373451,26.056715]
[119.373314,26.056913]
[119.373169,26.057154]
[119.372932,26.057539]
[119.37281,26.05776]
[119.372459,26.058481]
[119.372101,26.059223]
[119.372017,26.059397]
[119.371841,26.059683]
[119.371529,26.060152]
[119.371262,26.060455]
[119.371162,26.060564]
[119.370895,26.060863]
[119.370705,26.06106]
[119.370468,26.061245]
[119.369789,26.061741]
[119.369118,26.062191]
[119.368469,26.062609]
[119.367638,26.063211]
[119.366371,26.064123]
[119.364166,26.065725]
[119.363731,26.066046]
[119.363678,26.066086]
[119.363434,26.066267]
[119.363022,26.066563]
[119.361931,26.067352]
[119.360886,26.068121]
[119.360435,26.068464]
[119.36013,26.068676]
[119.359947,26.068806]
[119.359863,26.068872]
[119.359322,26.069267]
[119.359062,26.069452]
[119.358932,26.06955]
[119.358727,26.069683]
[119.358368,26.069901]
[119.358261,26.069952]
[119.357674,26.070204]
[119.35717,26.070395]
[119.356339,26.070686]
[119.356277,26.070707]
[119.353783,26.071592]
[119.352913,26.071901]
[119.352638,26.072001]
[119.35186,26.072252]
[119.351547,26.072348]
[119.350655,26.072569]
[119.350571,26.072596]
[119.35009,26.072735]
[119.349144,26.072987]
[119.348335,26.073208]
[119.347954,26.07328]
[119.346954,26.07346]
[119.346352,26.073559]
[119.344673,26.073845]
[119.343002,26.074137]
[119.34272,26.074188]
*****路线1步骤5关键坐标数目：8
[119.34272,26.074188]
[119.342552,26.074276]
[119.342148,26.074324]
[119.341408,26.074366]
[119.340782,26.074383]
[119.339722,26.074406]
[119.339111,26.074396]
[119.338936,26.074335]
*****路线1步骤6关键坐标数目：21
[119.338936,26.074335]
[119.337708,26.074335]
[119.336365,26.074375]
[119.33625,26.074371]
[119.336121,26.074348]
[119.335938,26.074301]
[119.335869,26.07427]
[119.335602,26.074171]
[119.335449,26.074123]
[119.335228,26.07408]
[119.33503,26.074076]
[119.334778,26.074106]
[119.334671,26.074123]
[119.334511,26.074175]
[119.334221,26.074284]
[119.333748,26.074461]
[119.333084,26.074696]
[119.33255,26.074862]
[119.331978,26.075022]
[119.331772,26.075083]
[119.331512,26.075182]
*****路线1步骤7关键坐标数目：20
[119.331512,26.075182]
[119.331314,26.07543]
[119.330917,26.075617]
[119.33078,26.075668]
[119.328697,26.076263]
[119.328674,26.076277]
[119.328125,26.076403]
[119.327705,26.076523]
[119.326965,26.076775]
[119.326828,26.076818]
[119.326385,26.076948]
[119.326057,26.077023]
[119.325867,26.077053]
[119.325653,26.077066]
[119.32547,26.07707]
[119.325294,26.077057]
[119.325127,26.077023]
[119.325035,26.076996]
[119.324982,26.076979]
[119.324493,26.076771]
*****路线1步骤8关键坐标数目：13
[119.324493,26.076771]
[119.324409,26.076702]
[119.324287,26.076685]
[119.323921,26.076614]
[119.32328,26.076509]
[119.32283,26.076468]
[119.322517,26.076458]
[119.322258,26.076458]
[119.321701,26.076481]
[119.321251,26.076502]
[119.320396,26.076532]
[119.31987,26.076559]
[119.319344,26.076685]