*****路线数目：1
*****路线1步骤数目：7
*****路线1路线长度：18664米
*****路线1步骤1关键坐标数目：14
[119.31913,26.076468]
[119.319183,26.076468]
[119.319321,26.076462]
[119.319916,26.076424]
[119.320694,26.076406]
[119.321266,26.076389]
[119.321701,26.076372]
[119.322411,26.076355]
[119.322792,26.076363]
[119.323311,26.076414]
[119.324318,26.07658]
[119.324425,26.076601]
[119.324821,26.076654]
[119.325157,26.076679]
*****路线1步骤2关键坐标数目：11
[119.325157,26.076679]
[119.325348,26.076611]
[119.325539,26.076559]
[119.326874,26.076223]
[119.326996,26.076189]
[119.328819,26.075708]
[119.329239,26.075594]
[119.329475,26.075539]
[119.330032,26.075417]
[119.330795,26.075226]
[119.331284,26.075096]
*****路线1步骤3关键坐标数目：21
[119.331284,26.075096]
[119.331459,26.075096]
[119.33165,26.075031]
[119.332512,26.074791]
[119.332985,26.074648]
[119.333267,26.074562]
[119.334183,26.074209]
[119.334564,26.074083]
[119.334808,26.074024]
[119.334999,26.074005]
[119.335121,26.074011]
[119.335281,26.074024]
[119.335449,26.074049]
[119.335587,26.074089]
[119.3358,26.074167]
[119.335899,26.074202]
[119.33606,26.074257]
[119.336288,26.074287]
[119.336525,26.074293]
[119.337677,26.074253]
[119.338898,26.074236]
*****路线1步骤4关键坐标数目：113
[119.338898,26.074236]
[119.339073,26.074158]
[119.339767,26.074158]
[119.340889,26.074137]
[119.341591,26.074106]
[119.342781,26.074018]
[119.342987,26.074045]
[119.34465,26.073767]
[119.346336,26.073484]
[119.346954,26.073381]
[119.347511,26.073294]
[119.348274,26.073147]
[119.34861,26.073065]
[119.349129,26.072926]
[119.350014,26.072674]
[119.35054,26.072538]
[119.350624,26.072517]
[119.351265,26.072348]
[119.352608,26.071932]
[119.352875,26.071836]
[119.353767,26.071514]
[119.355843,26.070782]
[119.356262,26.070642]
[119.356323,26.070625]
[119.357635,26.070129]
[119.357948,26.07]
[119.358315,26.069818]
[119.358871,26.069492]
[119.359024,26.069387]
[119.359253,26.069201]
[119.35981,26.068775]
[119.359917,26.068703]
[119.360054,26.068607]
[119.360374,26.068377]
[119.360832,26.06805]
[119.361824,26.067335]
[119.362984,26.066484]
[119.363365,26.066198]
[119.363647,26.066002]
[119.364113,26.065664]
[119.366333,26.064045]
[119.367584,26.063133]
[119.368423,26.062534]
[119.369064,26.062075]
[119.369827,26.061544]
[119.370438,26.061098]
[119.37059,26.060986]
[119.370796,26.060825]
[119.371017,26.060577]
[119.371109,26.060482]
[119.371193,26.060387]
[119.371407,26.060131]
[119.371544,26.059938]
[119.37178,26.059601]
[119.371994,26.059219]
[119.372238,26.058741]
[119.372566,26.058056]
[119.372719,26.057753]
[119.372864,26.057457]
[119.373024,26.057188]
[119.37307,26.05711]
[119.37336,26.056679]
[119.373436,26.056549]
[119.373604,26.056307]
[119.373955,26.055721]
[119.37413,26.055429]
[119.374496,26.054749]
[119.374634,26.054453]
[119.374771,26.054136]
[119.374847,26.05398]
[119.375,26.053516]
[119.375,26.053421]
[119.375114,26.052986]
[119.375153,26.052639]
[119.375175,26.052473]
[119.375183,26.052275]
[119.375168,26.052114]
[119.375122,26.05187]
[119.375061,26.051598]
[119.374962,26.051315]
[119.374893,26.051159]
[119.374802,26.050976]
[119.374603,26.050642]
[119.374489,26.050478]
[119.373489,26.049028]
[119.373367,26.048859]
[119.373146,26.048525]
[119.37291,26.048195]
[119.372795,26.048042]
[119.372604,26.047695]
[119.372475,26.047426]
[119.37233,26.04701]
[119.372253,26.046787]
[119.372223,26.046644]
[119.372169,26.046255]
[119.372154,26.046085]
[119.372116,26.045164]
[119.372116,26.044806]
[119.372116,26.044479]
[119.372139,26.044062]
[119.372169,26.043785]
[119.372185,26.043673]
[119.372238,26.04339]
[119.372284,26.043247]
[119.372429,26.042839]
[119.372536,26.042604]
[119.372604,26.042479]
[119.372696,26.042309]
[119.372757,26.042223]
[119.372932,26.041983]
[119.37326,26.041601]
[119.373413,26.041437]
[119.375015,26.03974]
*****路线1步骤5关键坐标数目：5
[119.375015,26.03974]
[119.37764,26.036915]
[119.378807,26.035664]
[119.379074,26.035374]
[119.379547,26.034861]
*****路线1步骤6关键坐标数目：101
[119.379547,26.034861]
[119.379929,26.034449]
[119.381317,26.032938]
[119.383141,26.030989]
[119.38446,26.029593]
[119.384918,26.029114]
[119.385101,26.02894]
[119.385277,26.02879]
[119.385468,26.028633]
[119.385658,26.028503]
[119.385887,26.028358]
[119.386177,26.028198]
[119.386406,26.028095]
[119.38665,26.028]
[119.386932,26.027908]
[119.387222,26.027838]
[119.387459,26.0278]
[119.387718,26.027765]
[119.388313,26.027739]
[119.390366,26.027718]
[119.391678,26.027704]
[119.394318,26.027687]
[119.396164,26.027742]
[119.397476,26.02783]
[119.398987,26.02799]
[119.399231,26.028021]
[119.399788,26.028099]
[119.40049,26.028204]
[119.400543,26.028212]
[119.401649,26.028395]
[119.403389,26.028719]
[119.404045,26.028851]
[119.405624,26.029154]
[119.406937,26.029406]
[119.407394,26.029484]
[119.407547,26.02951]
[119.408562,26.029696]
[119.408943,26.029743]
[119.409569,26.029797]
[119.409843,26.02981]
[119.410225,26.029814]
[119.410744,26.0298]
[119.411331,26.029766]
[119.41404,26.029449]
[119.414635,26.029371]
[119.414963,26.029314]
[119.415329,26.02924]
[119.415886,26.029114]
[119.41626,26.029011]
[119.416702,26.028854]
[119.417252,26.02865]
[119.417656,26.028463]
[119.418457,26.028042]
[119.418732,26.027878]
[119.419113,26.027617]
[119.419472,26.02737]
[119.420593,26.026476]
[119.421234,26.025986]
[119.422554,26.024918]
[119.424652,26.023247]
[119.424706,26.023203]
[119.425774,26.022335]
[119.426407,26.021814]
[119.426765,26.021502]
[119.42704,26.021236]
[119.427353,26.020899]
[119.427841,26.0203]
[119.428154,26.019857]
[119.428368,26.019514]
[119.428528,26.019236]
[119.428627,26.019011]
[119.429634,26.016928]
[119.430054,26.016081]
[119.431,26.014093]
[119.431213,26.013659]
[119.431427,26.013273]
[119.431618,26.012934]
[119.431824,26.012579]
[119.432167,26.012066]
[119.432846,26.011219]
[119.433212,26.01083]
[119.436798,26.007257]
[119.436897,26.007153]
[119.439339,26.004709]
[119.441002,26.003069]
[119.441597,26.002447]
[119.442345,26.001715]
[119.442619,26.001459]
[119.442932,26.001211]
[119.443275,26.000942]
[119.443588,26.000738]
[119.443939,26.000547]
[119.444214,26.000412]
[119.444511,26.000282]
[119.444771,26.000187]
[119.445122,26.000078]
[119.445694,25.999952]
[119.445984,25.999901]
[119.446281,25.999865]
[119.446579,25.999847]
[119.448227,25.999847]
*****路线1步骤7关键坐标数目：7
[119.448227,25.999847]
[119.452934,25.999935]
[119.453606,25.999952]
[119.454285,25.999983]
[119.454613,25.999987]
[119.456352,25.999996]
[119.457893,26.000017]