*****路线数目：1
*****路线1步骤数目：1
*****路线1路线长度：1581米
*****路线1步骤1关键坐标数目：26
[119.306068,26.120468]
[119.306053,26.121563]
[119.306061,26.122887]
[119.306076,26.123121]
[119.306129,26.123329]
[119.306198,26.123577]
[119.306313,26.12381]
[119.306427,26.124027]
[119.306564,26.124241]
[119.306679,26.124367]
[119.306786,26.124493]
[119.306938,26.12464]
[119.307045,26.124735]
[119.30751,26.125038]
[119.307755,26.125156]
[119.310966,26.126364]
[119.3116,26.126596]
[119.312241,26.126844]
[119.312668,26.127028]
[119.313545,26.12747]
[119.314163,26.127787]
[119.314285,26.127851]
[119.315269,26.128351]
[119.316109,26.128824]
[119.316254,26.128906]
[119.316635,26.129148]