*****路线数目：1
*****路线1步骤数目：1
*****路线1路线长度：2649米
*****路线1步骤1关键坐标数目：41
[119.326874,26.076181]
[119.32692,26.07542]
[119.326965,26.074657]
[119.326973,26.074579]
[119.326988,26.074162]
[119.327026,26.073555]
[119.327034,26.073385]
[119.32708,26.072929]
[119.32711,26.072712]
[119.327156,26.07246]
[119.327232,26.072123]
[119.327469,26.07118]
[119.327667,26.070303]
[119.327682,26.070238]
[119.327911,26.069262]
[119.328003,26.068859]
[119.328232,26.067917]
[119.328506,26.066696]
[119.328674,26.066025]
[119.328781,26.065565]
[119.328804,26.065447]
[119.32888,26.06513]
[119.329094,26.06411]
[119.329338,26.063042]
[119.329391,26.062761]
[119.329536,26.062113]
[119.329651,26.061619]
[119.32991,26.060486]
[119.330208,26.059189]
[119.330429,26.058264]
[119.330627,26.057457]
[119.330833,26.056423]
[119.330933,26.055998]
[119.330986,26.055725]
[119.331001,26.05559]
[119.331009,26.055481]
[119.330986,26.055161]
[119.330971,26.054619]
[119.330971,26.054323]
[119.33094,26.053793]
[119.330849,26.052547]