*****路线数目：1
*****路线1步骤数目：1
*****路线1路线长度：2757米
*****路线1步骤1关键坐标数目：29
[119.362503,26.048754]
[119.362427,26.04878]
[119.362099,26.048859]
[119.361504,26.049011]
[119.360901,26.049179]
[119.359581,26.049536]
[119.359375,26.049591]
[119.355026,26.05076]
[119.354309,26.050959]
[119.354202,26.050989]
[119.353554,26.051172]
[119.35276,26.051428]
[119.349358,26.052425]
[119.348473,26.052691]
[119.347809,26.052874]
[119.347099,26.053078]
[119.347076,26.053085]
[119.345726,26.05349]
[119.344299,26.053898]
[119.343964,26.053997]
[119.34211,26.054527]
[119.340935,26.054892]
[119.339546,26.055304]
[119.339317,26.055365]
[119.338264,26.055664]
[119.337135,26.056021]
[119.336876,26.056103]
[119.336548,26.056198]
[119.336197,26.05628]