*****路线数目：1
*****路线1步骤数目：1
*****路线1路线长度：4657米
*****路线1步骤1关键坐标数目：51
[119.365097,26.052656]
[119.364853,26.052357]
[119.364616,26.052023]
[119.363907,26.05092]
[119.363365,26.050039]
[119.363243,26.049849]
[119.362625,26.048794]
[119.362122,26.047964]
[119.361351,26.046715]
[119.360764,26.045755]
[119.360451,26.04529]
[119.36026,26.044979]
[119.359612,26.04402]
[119.357399,26.040842]
[119.356873,26.040091]
[119.355713,26.038429]
[119.355263,26.037821]
[119.354752,26.037148]
[119.354042,26.036249]
[119.353523,26.035595]
[119.353279,26.035309]
[119.35305,26.035009]
[119.352936,26.034878]
[119.352249,26.034002]
[119.348969,26.029913]
[119.348724,26.029631]
[119.348564,26.029457]
[119.348404,26.029232]
[119.347,26.027452]
[119.346161,26.026411]
[119.345726,26.025904]
[119.345512,26.025681]
[119.3451,26.025286]
[119.344864,26.025078]
[119.344376,26.024696]
[119.343857,26.024305]
[119.343613,26.024136]
[119.343193,26.023815]
[119.342468,26.023273]
[119.340729,26.022015]
[119.340332,26.02174]
[119.340019,26.021549]
[119.339691,26.021372]
[119.339302,26.021198]
[119.338974,26.021059]
[119.338608,26.020933]
[119.338226,26.020828]
[119.33783,26.020729]
[119.337448,26.020668]
[119.33696,26.020607]
[119.336563,26.020569]